188
843
47
804
846
381
611
57
944
26
754
161
994
344
99
786
475
303
407
604
416
811
480
807
748
970
398
530
765
628
15
776
460
395
192
821
93
483
231
493
525
156
529
958
638
725
551
864
268
692
796
251
563
322
824
433
60
613
704
894
955
489
549
999
794
552
383
636
76
261
69
44
520
73
224
651
104
130
970
631
37
311
377
1000
883
517
48
627
168
572
824
74
115
240
853
971
319
751
612
456
564
550
996
438
562
843
476
381
782
272
169
661
513
595
986
572
203
420
323
396
853
744
804
963
228
450
829
728
821
370
490
707
342
146
998
8
105
40
921
835
36
50
446
922
128
461
380
270
252
795
761
634
823
933
296
952
627
873
846
441
835
946
65
357
160
184
920
596
410
127
547
96
959
124
770
177
882
176
330
50
592
52
671
463
435
197
583
717
668
817
386
841
322
673
210
650
606
534
320
844