22
45
100
38
11
-9999999
2
-9999999
111
222
232
-9999999
65
78
93
-9999999
45
87
99
-9999999
10
55
77
88
-9999999
120
150
200
-9999999
33
76
98
-9999999
5
20
35
-9999999
90
105
117
-9999999
42
84
96
-9999999
61
73
82
-9999999
14
29
52
-9999999
112
124
137
-9999999
80
95
101
-9999999
56
68
71
-9999999
121
135
148
-9999999
50
66
89
-9999999
17
27
40
-9999999
74
86
97
-9999999
30
49
60
-9999999
123
138
149
-9999999
53
64
75
-9999999
91
104
119
-9999999
34
44
59
-9999999
81
92
103
-9999999
70
85
99
-9999999
15
28
37
-9999999
50
62
73
-9999999
110
130
142
-9999999